0.521878072753105
0.24629466160314134
0.810876988868632
0.999936728237976
0.9625780711299442
0.9933057255928561
0.9988304393064246
0.27534816934142603
0.07907836986899636
0.027638733147162687
0.7276958190411386
0.8752190907323931
0.8078195961415623
0.9999375348688067
0.42813005877368915
0.8652069622475719
0.7473309242552112
0.9991342958918771
0.5428933433626476
0.05526348037055114
0.9219362570225387
0.999376487273816
0.8072929147172896
0.002732485408527332
0.995001394039324
0.031128856994763938
0.9427039964254689
0.006057278395470512
0.9974920640832335
0.9568177545543511
0.19966452498332482
0.9835698225213879
0.006449561608828562
0.004856903650550276
0.9461675183768861
0.9989904870491593
0.9512773158953562
0.9998621299869407
0.9812817437076624
0.9991069694915145
0.9977091113865049
0.9528161326696646
0.6536848902826338
0.9989272177785156
0.9923880608575543
0.994171366192762
0.9958184394720759
0.005641916107171853
0.2379666192328529
0.017721954720863367
0.07959984199882372
0.31587496233608364
0.6311125349064498
0.0022045946378775726
0.31214123432974067
0.2515580039997569
0.7220707113623885
0.972223048256716
0.5085774733825427
0.126040403786431
0.954921773045115
0.9863362421080911
0.999749068683896
0.9995105354073233
0.24409983695043933
0.013268692749210711
0.000690817891117466
0.6108474249150122
0.0033153968372642718
0.46674145076661655
0.012063141911537439
0.877889569905594
0.6788251023853881
0.7268303752325913
0.23411899160679564
0.05895215754268597
0.0011647302762538693
0.2647225809361776
0.08238509578454685
0.0038626468949282985
0.3949340786550514
0.2534833996787482
0.9563739546528702
0.9992686088007675
0.9968312251211727
0.9007296832349149
0.999340122636805
0.10456071482710315
0.9999281936769406
0.8807869095127833
0.9900520694636287
0.999227774189052
0.15708001129343913
0.7745153338504372
0.011052912464381729
0.6809474962769959
0.6127871449960993
0.9997606519303145
0.9998399688672407
0.9988591341947591
0.0017623610135109084
0.9969973993882952
0.8257415126203156
0.9994092706044251
0.9684722781709506
0.971656876159884
0.9820403345952335
0.0033183483719592755
0.9294236637026226
0.8399221809452283
0.5505942036856705
0.9514528506172552
0.0007179793421152156
0.9957935070354191
0.9993361794793891
0.029364205857000735
0.003317355130932402
0.9714443331068273
0.38894317404239603
0.14539571661730274
0.9958467104621663
0.836675460962811
0.4130841472178071
0.9284327382634581
0.9970469864650872
0.9938563869773277
0.9924693038831852
0.9982550507411789
