 -0.61111111111111105 -1 -0.15254237288135597 -0.25
 -0.05555555555555558 -0.83333333333333326 0.016949152542372836 -0.25
 0.05555555555555558 -0.83333333333333326 0.18644067796610164 0.16666666666666674
 -0.05555555555555558 -0.83333333333333326 0.35593220338983045 0.16666666666666674
 -0.88888888888888884 -0.75000000000000022 -0.89830508474576276 -0.83333333333333337
 -0.33333333333333337 -0.75000000000000022 0.016949152542372836 0
 0.11111111111111094 -0.75000000000000022 0.15254237288135597 0
 -0.61111111111111105 -0.75000000000000022 -0.22033898305084754 -0.25
 -0.66666666666666641 -0.66666666666666674 -0.22033898305084754 -0.25
 -0.33333333333333337 -0.66666666666666674 -0.050847457627118731 -0.16666666666666663
 -0.33333333333333337 -0.66666666666666674 -0.084745762711864403 -0.25
 -0.27777777777777801 -0.58333333333333337 -0.016949152542372947 -0.16666666666666663
 0.11111111111111094 -0.58333333333333337 0.32203389830508478 0.16666666666666674
 -0.33333333333333337 -0.58333333333333337 0.016949152542372836 0
 -0.5555555555555558 -0.58333333333333337 -0.32203389830508478 -0.16666666666666663
 -0.66666666666666641 -0.58333333333333337 0.18644067796610164 0.33333333333333326
 0.33333333333333326 -0.58333333333333337 0.62711864406779649 0.41666666666666674
 -0.2222222222222221 -0.58333333333333337 0.35593220338983045 0.58333333333333326
 0.11111111111111094 -0.58333333333333337 0.35593220338983045 0.5
 -0.2222222222222221 -0.5 -0.15254237288135597 -0.25
 -0.33333333333333337 -0.5 0.15254237288135597 -0.08333333333333337
 -0.16666666666666674 -0.5 0.016949152542372836 -0.08333333333333337
 0.88888888888888884 -0.5 1 0.83333333333333326
 -2.2204460492503131e-16 -0.5 0.55932203389830493 0.083333333333333259
 -0.49999999999999989 -0.41666666666666663 -0.016949152542372947 0.083333333333333259
 -0.16666666666666674 -0.41666666666666663 0.050847457627118509 -0.25
 -0.16666666666666674 -0.41666666666666663 -0.016949152542372947 -0.08333333333333337
 -0.05555555555555558 -0.41666666666666663 0.38983050847457612 0.25
 -0.27777777777777801 -0.41666666666666663 0.084745762711864403 0
 -0.16666666666666674 -0.41666666666666663 0.38983050847457612 0.5
 0.16666666666666674 -0.41666666666666663 0.45762711864406769 0.5
 0.11111111111111094 -0.41666666666666663 0.32203389830508478 0.41666666666666674
 -0.16666666666666674 -0.41666666666666663 0.38983050847457612 0.5
 0.2222222222222221 -0.33333333333333359 0.22033898305084731 0.16666666666666674
 -0.2222222222222221 -0.33333333333333359 0.18644067796610164 0
 -2.2204460492503131e-16 -0.33333333333333359 0.016949152542372836 0
 -2.2204460492503131e-16 -0.33333333333333359 0.25423728813559321 -0.08333333333333337
 0.38888888888888862 -0.33333333333333359 0.28813559322033888 0.083333333333333259
 -0.2222222222222221 -0.33333333333333359 0.050847457627118509 0
 -0.16666666666666674 -0.33333333333333359 0.38983050847457612 0.91666666666666652
 -0.27777777777777801 -0.33333333333333359 0.32203389830508478 0.58333333333333326
 0.88888888888888884 -0.33333333333333359 0.93220338983050843 0.58333333333333326
 0.05555555555555558 -0.33333333333333359 0.28813559322033888 0.41666666666666674
 0.16666666666666674 -0.33333333333333359 0.55932203389830493 0.66666666666666674
 0.72222222222222232 -0.33333333333333359 0.72881355932203373 0.5
 0.16666666666666674 -0.33333333333333359 0.55932203389830493 0.75000000000000022
 0.11111111111111094 -0.33333333333333359 0.38983050847457612 0.16666666666666674
 -0.9444444444444442 -0.25000000000000022 -0.86440677966101698 -0.91666666666666663
 0.27777777777777746 -0.25000000000000022 0.22033898305084731 0
 -2.2204460492503131e-16 -0.25000000000000022 0.25423728813559321 0.083333333333333259
 -0.27777777777777801 -0.25000000000000022 -0.11864406779661019 0
 0.16666666666666674 -0.25000000000000022 0.11864406779661008 0
 -0.05555555555555558 -0.25000000000000022 0.18644067796610164 0.16666666666666674
 -0.2222222222222221 -0.25000000000000022 0.084745762711864403 0
 0.05555555555555558 -0.25000000000000022 0.11864406779661008 0
 0.11111111111111094 -0.25000000000000022 0.55932203389830493 0.41666666666666674
 0.66666666666666652 -0.25000000000000022 0.7966101694915253 0.41666666666666674
 -0.66666666666666641 -0.16666666666666674 -0.86440677966101698 -0.91666666666666663
 -0.72222222222222232 -0.16666666666666674 -0.86440677966101698 -1
 -1 -0.16666666666666674 -0.96610169491525422 -1
 -0.61111111111111105 -0.16666666666666674 -0.79661016949152541 -0.91666666666666663
 -0.9444444444444442 -0.16666666666666674 -0.89830508474576276 -0.91666666666666663
 -0.72222222222222232 -0.16666666666666674 -0.86440677966101698 -0.83333333333333337
 -0.11111111111111094 -0.16666666666666674 0.084745762711864403 0.16666666666666674
 -0.27777777777777801 -0.16666666666666674 0.18644067796610164 0.16666666666666674
 0.27777777777777746 -0.16666666666666674 0.15254237288135597 0.083333333333333259
 0.33333333333333326 -0.16666666666666674 0.35593220338983045 0.33333333333333326
 -0.38888888888888873 -0.16666666666666674 0.18644067796610164 0.16666666666666674
 -0.27777777777777801 -0.16666666666666674 0.050847457627118509 0
 -2.2204460492503131e-16 -0.16666666666666674 0.22033898305084731 0.083333333333333259
 -0.2222222222222221 -0.16666666666666674 0.084745762711864403 -0.08333333333333337
 0.55555555555555514 -0.16666666666666674 0.66101694915254239 0.66666666666666674
 0.2222222222222221 -0.16666666666666674 0.62711864406779649 0.75000000000000022
 0.83333333333333304 -0.16666666666666674 0.89830508474576254 0.66666666666666674
 0.38888888888888862 -0.16666666666666674 0.52542372881355925 0.66666666666666674
 0.2222222222222221 -0.16666666666666674 0.52542372881355925 0.41666666666666674
 -2.2204460492503131e-16 -0.16666666666666674 0.32203389830508478 0.41666666666666674
 0.61111111111111116 -0.16666666666666674 0.62711864406779649 0.25
 0.88888888888888884 -0.16666666666666674 0.72881355932203373 0.83333333333333326
 -0.05555555555555558 -0.16666666666666674 0.28813559322033888 0.41666666666666674
 0.33333333333333326 -0.16666666666666674 0.42372881355932202 0.83333333333333326
 0.2222222222222221 -0.16666666666666674 0.42372881355932202 0.58333333333333326
 -0.11111111111111094 -0.16666666666666674 0.38983050847457612 0.41666666666666674
 -0.83333333333333348 -0.08333333333333337 -0.83050847457627119 -0.91666666666666663
 -0.66666666666666641 -0.08333333333333337 -0.83050847457627119 -1
 -0.72222222222222232 -0.08333333333333337 -0.79661016949152541 -0.91666666666666663
 -0.66666666666666641 -0.08333333333333337 -0.83050847457627119 -1
 -0.66666666666666641 -0.08333333333333337 -0.83050847457627119 -1
 0.44444444444444442 -0.08333333333333337 0.32203389830508478 0.16666666666666674
 0.33333333333333326 -0.08333333333333337 0.15254237288135597 0.083333333333333259
 0.33333333333333326 -0.08333333333333337 0.25423728813559321 0.16666666666666674
 0.16666666666666674 -0.08333333333333337 0.52542372881355925 0.41666666666666674
 0.44444444444444442 -0.08333333333333337 0.49152542372881358 0.66666666666666674
 0.33333333333333326 -0.08333333333333337 0.55932203389830493 0.91666666666666652
 0.44444444444444442 -0.08333333333333337 0.38983050847457612 0.83333333333333326
 -0.77777777777777768 0 -0.89830508474576276 -0.91666666666666663
 -0.77777777777777768 0 -0.79661016949152541 -0.91666666666666663
 -0.61111111111111105 0 -0.93220338983050843 -0.91666666666666663
 -0.9444444444444442 0 -0.89830508474576276 -0.91666666666666663
 -0.83333333333333348 0 -0.86440677966101698 -0.91666666666666663
 0.49999999999999978 0 0.25423728813559321 0.083333333333333259
 0.16666666666666674 0 0.18644067796610164 0.16666666666666674
 -0.11111111111111094 0 0.28813559322033888 0.41666666666666674
 0.2222222222222221 0 0.38983050847457612 0.58333333333333326
 0.16666666666666674 0 0.45762711864406769 0.83333333333333326
 0.44444444444444442 0 0.59322033898305082 0.83333333333333326
 0.61111111111111116 0 0.69491525423728806 0.41666666666666674
 0.38888888888888862 0 0.66101694915254239 0.83333333333333326
 -0.5555555555555558 0.083333333333333037 -0.76271186440677963 -0.66666666666666663
 -0.61111111111111105 0.083333333333333037 -0.86440677966101698 -0.91666666666666663
 0.11111111111111094 0.083333333333333037 0.25423728813559321 0.25
 0.11111111111111094 0.083333333333333037 0.69491525423728806 1
 0.33333333333333326 0.083333333333333037 0.59322033898305082 0.66666666666666674
 0.33333333333333326 0.083333333333333037 0.59322033898305082 1
 -0.83333333333333348 0.16666666666666652 -0.86440677966101698 -0.83333333333333337
 -0.61111111111111105 0.16666666666666652 -0.83050847457627119 -0.91666666666666663
 -0.72222222222222232 0.16666666666666652 -0.79661016949152541 -0.91666666666666663
 -0.38888888888888873 0.16666666666666652 -0.76271186440677963 -0.91666666666666663
 -0.72222222222222232 0.16666666666666652 -0.69491525423728817 -0.91666666666666663
 -0.61111111111111105 0.16666666666666652 -0.79661016949152541 -0.75
 -0.49999999999999989 0.16666666666666652 -0.86440677966101698 -0.91666666666666663
 -0.38888888888888873 0.16666666666666652 -0.83050847457627119 -0.75
 -0.5555555555555558 0.16666666666666652 -0.83050847457627119 -0.91666666666666663
 -0.05555555555555558 0.16666666666666652 0.18644067796610164 0.25
 0.11111111111111094 0.16666666666666652 0.55932203389830493 0.91666666666666652
 0.05555555555555558 0.16666666666666652 0.49152542372881358 0.83333333333333326
 -0.5555555555555558 0.24999999999999978 -0.86440677966101698 -0.91666666666666663
 -0.5555555555555558 0.24999999999999978 -0.86440677966101698 -0.83333333333333337
 -0.49999999999999989 0.24999999999999978 -0.83050847457627119 -0.91666666666666663
 -0.33333333333333337 0.24999999999999978 -0.89830508474576276 -0.91666666666666663
 -0.61111111111111105 0.24999999999999978 -0.89830508474576276 -0.83333333333333337
 -0.61111111111111105 0.24999999999999978 -0.79661016949152541 -0.58333333333333326
 -0.61111111111111105 0.33333333333333326 -0.86440677966101698 -0.91666666666666663
 -0.83333333333333348 0.33333333333333326 -1 -0.91666666666666663
 0.61111111111111116 0.33333333333333326 0.72881355932203373 1
 -0.38888888888888873 0.41666666666666652 -0.83050847457627119 -0.91666666666666663
 -0.5555555555555558 0.41666666666666652 -0.83050847457627119 -0.75
 -0.44444444444444453 0.41666666666666652 -0.83050847457627119 -0.91666666666666663
 -0.2222222222222221 0.49999999999999956 -0.76271186440677963 -0.83333333333333337
 -0.5555555555555558 0.49999999999999956 -0.83050847457627119 -0.83333333333333337
 -0.5555555555555558 0.49999999999999956 -0.69491525423728817 -0.75
 -0.5555555555555558 0.49999999999999956 -0.79661016949152541 -0.91666666666666663
 0.88888888888888884 0.49999999999999956 0.93220338983050843 0.75000000000000022
 1 0.49999999999999956 0.83050847457627119 0.58333333333333326
 -0.38888888888888873 0.58333333333333304 -0.76271186440677963 -0.75
 -0.38888888888888873 0.58333333333333304 -0.89830508474576276 -0.75
 -0.16666666666666674 0.66666666666666652 -0.93220338983050843 -0.91666666666666663
 -0.49999999999999989 0.74999999999999956 -0.83050847457627119 -1
 -0.33333333333333337 0.83333333333333326 -0.86440677966101698 -0.91666666666666663
 -0.2222222222222221 1 -0.83050847457627119 -0.75


